(kicad_pcb (version 20171130) (host pcbnew no-vcs-found-fddd5ab~61~ubuntu17.10.1)

  (general
    (thickness 1.6)
    (drawings 9)
    (tracks 0)
    (zones 0)
    (modules 65)
    (nets 63)
  )

  (page A4)
  (title_block
    (title "FSE RPiShield")
    (date 2018-01-31)
    (rev REVB-01)
    (company "Fullstack Embedded")
  )

  (layers
    (0 F.Cu signal)
    (31 B.Cu signal)
    (32 B.Adhes user)
    (33 F.Adhes user)
    (34 B.Paste user)
    (35 F.Paste user)
    (36 B.SilkS user)
    (37 F.SilkS user)
    (38 B.Mask user)
    (39 F.Mask user)
    (40 Dwgs.User user)
    (41 Cmts.User user)
    (42 Eco1.User user)
    (43 Eco2.User user)
    (44 Edge.Cuts user)
    (45 Margin user)
    (46 B.CrtYd user)
    (47 F.CrtYd user)
    (48 B.Fab user)
    (49 F.Fab user)
  )

  (setup
    (last_trace_width 0.25)
    (trace_clearance 0.2)
    (zone_clearance 0.508)
    (zone_45_only no)
    (trace_min 0.2)
    (segment_width 0.2)
    (edge_width 0.15)
    (via_size 0.8)
    (via_drill 0.4)
    (via_min_size 0.4)
    (via_min_drill 0.3)
    (uvia_size 0.3)
    (uvia_drill 0.1)
    (uvias_allowed no)
    (uvia_min_size 0.2)
    (uvia_min_drill 0.1)
    (pcb_text_width 0.3)
    (pcb_text_size 1.5 1.5)
    (mod_edge_width 0.15)
    (mod_text_size 1 1)
    (mod_text_width 0.15)
    (pad_size 1.7 1.7)
    (pad_drill 1)
    (pad_to_mask_clearance 0.2)
    (aux_axis_origin 0 0)
    (visible_elements FEFDFF7F)
    (pcbplotparams
      (layerselection 0x010fc_ffffffff)
      (usegerberextensions false)
      (usegerberattributes false)
      (usegerberadvancedattributes false)
      (creategerberjobfile false)
      (excludeedgelayer true)
      (linewidth 0.100000)
      (plotframeref false)
      (viasonmask false)
      (mode 1)
      (useauxorigin false)
      (hpglpennumber 1)
      (hpglpenspeed 20)
      (hpglpendiameter 15)
      (psnegative false)
      (psa4output false)
      (plotreference true)
      (plotvalue true)
      (plotinvisibletext false)
      (padsonsilk false)
      (subtractmaskfromsilk false)
      (outputformat 1)
      (mirror false)
      (drillshape 1)
      (scaleselection 1)
      (outputdirectory ""))
  )

  (net 0 "")
  (net 1 +3V3)
  (net 2 +5V)
  (net 3 +BATT)
  (net 4 GND)
  (net 5 "Net-(C3-Pad1)")
  (net 6 "Net-(C4-Pad1)")
  (net 7 "Net-(C5-Pad1)")
  (net 8 "Net-(C6-Pad1)")
  (net 9 "Net-(C7-Pad1)")
  (net 10 "Net-(C8-Pad1)")
  (net 11 "Net-(J5-Pad8)")
  (net 12 "Net-(J5-Pad7)")
  (net 13 "Net-(J5-Pad6)")
  (net 14 "Net-(J5-Pad5)")
  (net 15 "Net-(J5-Pad4)")
  (net 16 "Net-(J5-Pad3)")
  (net 17 "Net-(J5-Pad2)")
  (net 18 "Net-(J5-Pad1)")
  (net 19 "Net-(R18-Pad2)")
  (net 20 "Net-(R21-Pad2)")
  (net 21 "Net-(R22-Pad2)")
  (net 22 "Net-(R23-Pad2)")
  (net 23 "Net-(R24-Pad2)")
  (net 24 "Net-(R19-Pad2)")
  (net 25 "Net-(R20-Pad2)")
  (net 26 "Net-(J16-Pad1)")
  (net 27 "Net-(C9-Pad1)")
  (net 28 "Net-(C10-Pad1)")
  (net 29 "Net-(J16-Pad3)")
  (net 30 "Net-(J16-Pad2)")
  (net 31 "Net-(R17-Pad2)")
  (net 32 "Net-(J16-Pad5)")
  (net 33 "Net-(J16-Pad7)")
  (net 34 "Net-(J16-Pad4)")
  (net 35 "Net-(J16-Pad6)")
  (net 36 "Net-(J16-Pad8)")
  (net 37 "Net-(J1-Pad19)")
  (net 38 "Net-(J1-Pad21)")
  (net 39 "Net-(J1-Pad23)")
  (net 40 "Net-(J1-Pad24)")
  (net 41 "Net-(J1-Pad32)")
  (net 42 "Net-(J1-Pad33)")
  (net 43 "Net-(J1-Pad35)")
  (net 44 "Net-(J1-Pad36)")
  (net 45 "Net-(J1-Pad37)")
  (net 46 "Net-(J1-Pad40)")
  (net 47 "Net-(J3-Pad1)")
  (net 48 "Net-(J3-Pad2)")
  (net 49 "Net-(J4-Pad1)")
  (net 50 "Net-(J4-Pad2)")
  (net 51 "Net-(J6-Pad1)")
  (net 52 "Net-(J6-Pad2)")
  (net 53 "Net-(J6-Pad3)")
  (net 54 "Net-(J7-Pad3)")
  (net 55 "Net-(J7-Pad2)")
  (net 56 "Net-(J7-Pad1)")
  (net 57 "Net-(J8-Pad1)")
  (net 58 "Net-(J8-Pad2)")
  (net 59 "Net-(J8-Pad3)")
  (net 60 "Net-(J9-Pad1)")
  (net 61 "Net-(J10-Pad1)")
  (net 62 "Net-(J11-Pad1)")

  (net_class Default "This is the default net class."
    (clearance 0.2)
    (trace_width 0.25)
    (via_dia 0.8)
    (via_drill 0.4)
    (uvia_dia 0.3)
    (uvia_drill 0.1)
    (add_net +3V3)
    (add_net +5V)
    (add_net +BATT)
    (add_net GND)
    (add_net "Net-(C10-Pad1)")
    (add_net "Net-(C3-Pad1)")
    (add_net "Net-(C4-Pad1)")
    (add_net "Net-(C5-Pad1)")
    (add_net "Net-(C6-Pad1)")
    (add_net "Net-(C7-Pad1)")
    (add_net "Net-(C8-Pad1)")
    (add_net "Net-(C9-Pad1)")
    (add_net "Net-(J1-Pad19)")
    (add_net "Net-(J1-Pad21)")
    (add_net "Net-(J1-Pad23)")
    (add_net "Net-(J1-Pad24)")
    (add_net "Net-(J1-Pad32)")
    (add_net "Net-(J1-Pad33)")
    (add_net "Net-(J1-Pad35)")
    (add_net "Net-(J1-Pad36)")
    (add_net "Net-(J1-Pad37)")
    (add_net "Net-(J1-Pad40)")
    (add_net "Net-(J10-Pad1)")
    (add_net "Net-(J11-Pad1)")
    (add_net "Net-(J16-Pad1)")
    (add_net "Net-(J16-Pad2)")
    (add_net "Net-(J16-Pad3)")
    (add_net "Net-(J16-Pad4)")
    (add_net "Net-(J16-Pad5)")
    (add_net "Net-(J16-Pad6)")
    (add_net "Net-(J16-Pad7)")
    (add_net "Net-(J16-Pad8)")
    (add_net "Net-(J3-Pad1)")
    (add_net "Net-(J3-Pad2)")
    (add_net "Net-(J4-Pad1)")
    (add_net "Net-(J4-Pad2)")
    (add_net "Net-(J5-Pad1)")
    (add_net "Net-(J5-Pad2)")
    (add_net "Net-(J5-Pad3)")
    (add_net "Net-(J5-Pad4)")
    (add_net "Net-(J5-Pad5)")
    (add_net "Net-(J5-Pad6)")
    (add_net "Net-(J5-Pad7)")
    (add_net "Net-(J5-Pad8)")
    (add_net "Net-(J6-Pad1)")
    (add_net "Net-(J6-Pad2)")
    (add_net "Net-(J6-Pad3)")
    (add_net "Net-(J7-Pad1)")
    (add_net "Net-(J7-Pad2)")
    (add_net "Net-(J7-Pad3)")
    (add_net "Net-(J8-Pad1)")
    (add_net "Net-(J8-Pad2)")
    (add_net "Net-(J8-Pad3)")
    (add_net "Net-(J9-Pad1)")
    (add_net "Net-(R17-Pad2)")
    (add_net "Net-(R18-Pad2)")
    (add_net "Net-(R19-Pad2)")
    (add_net "Net-(R20-Pad2)")
    (add_net "Net-(R21-Pad2)")
    (add_net "Net-(R22-Pad2)")
    (add_net "Net-(R23-Pad2)")
    (add_net "Net-(R24-Pad2)")
  )

  (module Capacitor_SMD:C_0603_1608Metric (layer F.Cu) (tedit 59FE48B8) (tstamp 5A8D1477)
    (at 72.898 20.32 270)
    (descr "Capacitor SMD 0603 (1608 Metric), square (rectangular) end terminal, IPC_7351 nominal, (Body size source: http://www.tortai-tech.com/upload/download/2011102023233369053.pdf), generated with kicad-footprint-generator")
    (tags capacitor)
    (path /5A6EE2FF)
    (attr smd)
    (fp_text reference 100n1 (at 0 -1.65 270) (layer F.SilkS)
      (effects (font (size 1 1) (thickness 0.15)))
    )
    (fp_text value C (at 0 1.65 270) (layer F.Fab)
      (effects (font (size 1 1) (thickness 0.15)))
    )
    (fp_line (start -0.8 0.4) (end -0.8 -0.4) (layer F.Fab) (width 0.1))
    (fp_line (start -0.8 -0.4) (end 0.8 -0.4) (layer F.Fab) (width 0.1))
    (fp_line (start 0.8 -0.4) (end 0.8 0.4) (layer F.Fab) (width 0.1))
    (fp_line (start 0.8 0.4) (end -0.8 0.4) (layer F.Fab) (width 0.1))
    (fp_line (start -0.22 -0.51) (end 0.22 -0.51) (layer F.SilkS) (width 0.12))
    (fp_line (start -0.22 0.51) (end 0.22 0.51) (layer F.SilkS) (width 0.12))
    (fp_line (start -1.46 0.75) (end -1.46 -0.75) (layer F.CrtYd) (width 0.05))
    (fp_line (start -1.46 -0.75) (end 1.46 -0.75) (layer F.CrtYd) (width 0.05))
    (fp_line (start 1.46 -0.75) (end 1.46 0.75) (layer F.CrtYd) (width 0.05))
    (fp_line (start 1.46 0.75) (end -1.46 0.75) (layer F.CrtYd) (width 0.05))
    (fp_text user %R (at 0 0 270) (layer F.Fab)
      (effects (font (size 0.5 0.5) (thickness 0.08)))
    )
    (pad 1 smd rect (at -0.875 0 270) (size 0.67 1) (layers F.Cu F.Paste F.Mask)
      (net 1 +3V3))
    (pad 2 smd rect (at 0.875 0 270) (size 0.67 1) (layers F.Cu F.Paste F.Mask)
      (net 4 GND))
    (model ${KISYS3DMOD}/Capacitor_SMD.3dshapes/C_0603_1608Metric.wrl
      (at (xyz 0 0 0))
      (scale (xyz 1 1 1))
      (rotate (xyz 0 0 0))
    )
  )

  (module Capacitor_SMD:CP_Elec_4x4.5 (layer F.Cu) (tedit 58AA85E3) (tstamp 5A8D1493)
    (at 60.452 27.432 180)
    (descr "SMT capacitor, aluminium electrolytic, 4x4.5")
    (path /5A6FC7A0)
    (attr smd)
    (fp_text reference C1 (at 0 3.58) (layer F.SilkS)
      (effects (font (size 1 1) (thickness 0.15)))
    )
    (fp_text value 10u (at 0 -3.45) (layer F.Fab)
      (effects (font (size 1 1) (thickness 0.15)))
    )
    (fp_circle (center 0 0) (end 0.1 2.1) (layer F.Fab) (width 0.1))
    (fp_text user + (at -1.24 -0.08 180) (layer F.Fab)
      (effects (font (size 1 1) (thickness 0.15)))
    )
    (fp_text user + (at -2.78 1.99) (layer F.SilkS)
      (effects (font (size 1 1) (thickness 0.15)))
    )
    (fp_text user %R (at 0 3.58) (layer F.Fab)
      (effects (font (size 1 1) (thickness 0.15)))
    )
    (fp_line (start 2.13 2.12) (end 2.13 -2.15) (layer F.Fab) (width 0.1))
    (fp_line (start -1.46 2.12) (end 2.13 2.12) (layer F.Fab) (width 0.1))
    (fp_line (start -2.13 1.45) (end -1.46 2.12) (layer F.Fab) (width 0.1))
    (fp_line (start -2.13 -1.47) (end -2.13 1.45) (layer F.Fab) (width 0.1))
    (fp_line (start -1.46 -2.15) (end -2.13 -1.47) (layer F.Fab) (width 0.1))
    (fp_line (start 2.13 -2.15) (end -1.46 -2.15) (layer F.Fab) (width 0.1))
    (fp_line (start 2.29 -2.3) (end 2.29 -1.13) (layer F.SilkS) (width 0.12))
    (fp_line (start 2.29 2.27) (end 2.29 1.1) (layer F.SilkS) (width 0.12))
    (fp_line (start -2.29 1.51) (end -2.29 1.1) (layer F.SilkS) (width 0.12))
    (fp_line (start -2.29 -1.54) (end -2.29 -1.13) (layer F.SilkS) (width 0.12))
    (fp_line (start -1.52 -2.3) (end 2.29 -2.3) (layer F.SilkS) (width 0.12))
    (fp_line (start -1.52 -2.3) (end -2.29 -1.54) (layer F.SilkS) (width 0.12))
    (fp_line (start -1.52 2.27) (end 2.29 2.27) (layer F.SilkS) (width 0.12))
    (fp_line (start -1.52 2.27) (end -2.29 1.51) (layer F.SilkS) (width 0.12))
    (fp_line (start -3.35 -2.4) (end 3.35 -2.4) (layer F.CrtYd) (width 0.05))
    (fp_line (start -3.35 -2.4) (end -3.35 2.37) (layer F.CrtYd) (width 0.05))
    (fp_line (start 3.35 2.37) (end 3.35 -2.4) (layer F.CrtYd) (width 0.05))
    (fp_line (start 3.35 2.37) (end -3.35 2.37) (layer F.CrtYd) (width 0.05))
    (pad 1 smd rect (at -1.8 0) (size 2.6 1.6) (layers F.Cu F.Paste F.Mask)
      (net 3 +BATT))
    (pad 2 smd rect (at 1.8 0) (size 2.6 1.6) (layers F.Cu F.Paste F.Mask)
      (net 4 GND))
    (model ${KISYS3DMOD}/Capacitor_SMD.3dshapes/CP_Elec_4x4.5.wrl
      (at (xyz 0 0 0))
      (scale (xyz 1 1 1))
      (rotate (xyz 0 0 0))
    )
  )

  (module Capacitor_SMD:C_0603_1608Metric (layer F.Cu) (tedit 59FE48B8) (tstamp 5A8D14A4)
    (at 70.104 26.416)
    (descr "Capacitor SMD 0603 (1608 Metric), square (rectangular) end terminal, IPC_7351 nominal, (Body size source: http://www.tortai-tech.com/upload/download/2011102023233369053.pdf), generated with kicad-footprint-generator")
    (tags capacitor)
    (path /5A6FC862)
    (attr smd)
    (fp_text reference C2 (at 0 -1.65) (layer F.SilkS)
      (effects (font (size 1 1) (thickness 0.15)))
    )
    (fp_text value 100n (at 0 1.65) (layer F.Fab)
      (effects (font (size 1 1) (thickness 0.15)))
    )
    (fp_text user %R (at 0 0) (layer F.Fab)
      (effects (font (size 0.5 0.5) (thickness 0.08)))
    )
    (fp_line (start 1.46 0.75) (end -1.46 0.75) (layer F.CrtYd) (width 0.05))
    (fp_line (start 1.46 -0.75) (end 1.46 0.75) (layer F.CrtYd) (width 0.05))
    (fp_line (start -1.46 -0.75) (end 1.46 -0.75) (layer F.CrtYd) (width 0.05))
    (fp_line (start -1.46 0.75) (end -1.46 -0.75) (layer F.CrtYd) (width 0.05))
    (fp_line (start -0.22 0.51) (end 0.22 0.51) (layer F.SilkS) (width 0.12))
    (fp_line (start -0.22 -0.51) (end 0.22 -0.51) (layer F.SilkS) (width 0.12))
    (fp_line (start 0.8 0.4) (end -0.8 0.4) (layer F.Fab) (width 0.1))
    (fp_line (start 0.8 -0.4) (end 0.8 0.4) (layer F.Fab) (width 0.1))
    (fp_line (start -0.8 -0.4) (end 0.8 -0.4) (layer F.Fab) (width 0.1))
    (fp_line (start -0.8 0.4) (end -0.8 -0.4) (layer F.Fab) (width 0.1))
    (pad 2 smd rect (at 0.875 0) (size 0.67 1) (layers F.Cu F.Paste F.Mask)
      (net 4 GND))
    (pad 1 smd rect (at -0.875 0) (size 0.67 1) (layers F.Cu F.Paste F.Mask)
      (net 3 +BATT))
    (model ${KISYS3DMOD}/Capacitor_SMD.3dshapes/C_0603_1608Metric.wrl
      (at (xyz 0 0 0))
      (scale (xyz 1 1 1))
      (rotate (xyz 0 0 0))
    )
  )

  (module Capacitor_SMD:C_0603_1608Metric (layer F.Cu) (tedit 59FE48B8) (tstamp 5A984411)
    (at 33.782 9.144 270)
    (descr "Capacitor SMD 0603 (1608 Metric), square (rectangular) end terminal, IPC_7351 nominal, (Body size source: http://www.tortai-tech.com/upload/download/2011102023233369053.pdf), generated with kicad-footprint-generator")
    (tags capacitor)
    (path /5B08E317)
    (attr smd)
    (fp_text reference C3 (at 0 -1.65 270) (layer F.SilkS)
      (effects (font (size 1 1) (thickness 0.15)))
    )
    (fp_text value 10n (at 0 1.65 270) (layer F.Fab)
      (effects (font (size 1 1) (thickness 0.15)))
    )
    (fp_line (start -0.8 0.4) (end -0.8 -0.4) (layer F.Fab) (width 0.1))
    (fp_line (start -0.8 -0.4) (end 0.8 -0.4) (layer F.Fab) (width 0.1))
    (fp_line (start 0.8 -0.4) (end 0.8 0.4) (layer F.Fab) (width 0.1))
    (fp_line (start 0.8 0.4) (end -0.8 0.4) (layer F.Fab) (width 0.1))
    (fp_line (start -0.22 -0.51) (end 0.22 -0.51) (layer F.SilkS) (width 0.12))
    (fp_line (start -0.22 0.51) (end 0.22 0.51) (layer F.SilkS) (width 0.12))
    (fp_line (start -1.46 0.75) (end -1.46 -0.75) (layer F.CrtYd) (width 0.05))
    (fp_line (start -1.46 -0.75) (end 1.46 -0.75) (layer F.CrtYd) (width 0.05))
    (fp_line (start 1.46 -0.75) (end 1.46 0.75) (layer F.CrtYd) (width 0.05))
    (fp_line (start 1.46 0.75) (end -1.46 0.75) (layer F.CrtYd) (width 0.05))
    (fp_text user %R (at 0 0 270) (layer F.Fab)
      (effects (font (size 0.5 0.5) (thickness 0.08)))
    )
    (pad 1 smd rect (at -0.875 0 270) (size 0.67 1) (layers F.Cu F.Paste F.Mask)
      (net 5 "Net-(C3-Pad1)"))
    (pad 2 smd rect (at 0.875 0 270) (size 0.67 1) (layers F.Cu F.Paste F.Mask)
      (net 4 GND))
    (model ${KISYS3DMOD}/Capacitor_SMD.3dshapes/C_0603_1608Metric.wrl
      (at (xyz 0 0 0))
      (scale (xyz 1 1 1))
      (rotate (xyz 0 0 0))
    )
  )

  (module Capacitor_SMD:C_0603_1608Metric (layer F.Cu) (tedit 59FE48B8) (tstamp 5AA2FC4D)
    (at 24.638 8.382 90)
    (descr "Capacitor SMD 0603 (1608 Metric), square (rectangular) end terminal, IPC_7351 nominal, (Body size source: http://www.tortai-tech.com/upload/download/2011102023233369053.pdf), generated with kicad-footprint-generator")
    (tags capacitor)
    (path /5B08E259)
    (attr smd)
    (fp_text reference C4 (at 0 -1.65 90) (layer F.SilkS)
      (effects (font (size 1 1) (thickness 0.15)))
    )
    (fp_text value 10n (at 0 1.65 90) (layer F.Fab)
      (effects (font (size 1 1) (thickness 0.15)))
    )
    (fp_text user %R (at 0 0 90) (layer F.Fab)
      (effects (font (size 0.5 0.5) (thickness 0.08)))
    )
    (fp_line (start 1.46 0.75) (end -1.46 0.75) (layer F.CrtYd) (width 0.05))
    (fp_line (start 1.46 -0.75) (end 1.46 0.75) (layer F.CrtYd) (width 0.05))
    (fp_line (start -1.46 -0.75) (end 1.46 -0.75) (layer F.CrtYd) (width 0.05))
    (fp_line (start -1.46 0.75) (end -1.46 -0.75) (layer F.CrtYd) (width 0.05))
    (fp_line (start -0.22 0.51) (end 0.22 0.51) (layer F.SilkS) (width 0.12))
    (fp_line (start -0.22 -0.51) (end 0.22 -0.51) (layer F.SilkS) (width 0.12))
    (fp_line (start 0.8 0.4) (end -0.8 0.4) (layer F.Fab) (width 0.1))
    (fp_line (start 0.8 -0.4) (end 0.8 0.4) (layer F.Fab) (width 0.1))
    (fp_line (start -0.8 -0.4) (end 0.8 -0.4) (layer F.Fab) (width 0.1))
    (fp_line (start -0.8 0.4) (end -0.8 -0.4) (layer F.Fab) (width 0.1))
    (pad 2 smd rect (at 0.875 0 90) (size 0.67 1) (layers F.Cu F.Paste F.Mask)
      (net 4 GND))
    (pad 1 smd rect (at -0.875 0 90) (size 0.67 1) (layers F.Cu F.Paste F.Mask)
      (net 6 "Net-(C4-Pad1)"))
    (model ${KISYS3DMOD}/Capacitor_SMD.3dshapes/C_0603_1608Metric.wrl
      (at (xyz 0 0 0))
      (scale (xyz 1 1 1))
      (rotate (xyz 0 0 0))
    )
  )

  (module Capacitor_SMD:C_0603_1608Metric (layer F.Cu) (tedit 59FE48B8) (tstamp 5A9844D1)
    (at 24.638 12.192 90)
    (descr "Capacitor SMD 0603 (1608 Metric), square (rectangular) end terminal, IPC_7351 nominal, (Body size source: http://www.tortai-tech.com/upload/download/2011102023233369053.pdf), generated with kicad-footprint-generator")
    (tags capacitor)
    (path /5B08E19B)
    (attr smd)
    (fp_text reference C5 (at 0 -1.65 90) (layer F.SilkS)
      (effects (font (size 1 1) (thickness 0.15)))
    )
    (fp_text value 10n (at 0 1.65 90) (layer F.Fab)
      (effects (font (size 1 1) (thickness 0.15)))
    )
    (fp_line (start -0.8 0.4) (end -0.8 -0.4) (layer F.Fab) (width 0.1))
    (fp_line (start -0.8 -0.4) (end 0.8 -0.4) (layer F.Fab) (width 0.1))
    (fp_line (start 0.8 -0.4) (end 0.8 0.4) (layer F.Fab) (width 0.1))
    (fp_line (start 0.8 0.4) (end -0.8 0.4) (layer F.Fab) (width 0.1))
    (fp_line (start -0.22 -0.51) (end 0.22 -0.51) (layer F.SilkS) (width 0.12))
    (fp_line (start -0.22 0.51) (end 0.22 0.51) (layer F.SilkS) (width 0.12))
    (fp_line (start -1.46 0.75) (end -1.46 -0.75) (layer F.CrtYd) (width 0.05))
    (fp_line (start -1.46 -0.75) (end 1.46 -0.75) (layer F.CrtYd) (width 0.05))
    (fp_line (start 1.46 -0.75) (end 1.46 0.75) (layer F.CrtYd) (width 0.05))
    (fp_line (start 1.46 0.75) (end -1.46 0.75) (layer F.CrtYd) (width 0.05))
    (fp_text user %R (at 0 0 90) (layer F.Fab)
      (effects (font (size 0.5 0.5) (thickness 0.08)))
    )
    (pad 1 smd rect (at -0.875 0 90) (size 0.67 1) (layers F.Cu F.Paste F.Mask)
      (net 7 "Net-(C5-Pad1)"))
    (pad 2 smd rect (at 0.875 0 90) (size 0.67 1) (layers F.Cu F.Paste F.Mask)
      (net 4 GND))
    (model ${KISYS3DMOD}/Capacitor_SMD.3dshapes/C_0603_1608Metric.wrl
      (at (xyz 0 0 0))
      (scale (xyz 1 1 1))
      (rotate (xyz 0 0 0))
    )
  )

  (module Capacitor_SMD:C_0603_1608Metric (layer F.Cu) (tedit 59FE48B8) (tstamp 5A9844A1)
    (at 24.638 16.002 90)
    (descr "Capacitor SMD 0603 (1608 Metric), square (rectangular) end terminal, IPC_7351 nominal, (Body size source: http://www.tortai-tech.com/upload/download/2011102023233369053.pdf), generated with kicad-footprint-generator")
    (tags capacitor)
    (path /5B08D27D)
    (attr smd)
    (fp_text reference C6 (at 0 -1.65 90) (layer F.SilkS)
      (effects (font (size 1 1) (thickness 0.15)))
    )
    (fp_text value 10n (at 0 1.65 90) (layer F.Fab)
      (effects (font (size 1 1) (thickness 0.15)))
    )
    (fp_text user %R (at 0 0 90) (layer F.Fab)
      (effects (font (size 0.5 0.5) (thickness 0.08)))
    )
    (fp_line (start 1.46 0.75) (end -1.46 0.75) (layer F.CrtYd) (width 0.05))
    (fp_line (start 1.46 -0.75) (end 1.46 0.75) (layer F.CrtYd) (width 0.05))
    (fp_line (start -1.46 -0.75) (end 1.46 -0.75) (layer F.CrtYd) (width 0.05))
    (fp_line (start -1.46 0.75) (end -1.46 -0.75) (layer F.CrtYd) (width 0.05))
    (fp_line (start -0.22 0.51) (end 0.22 0.51) (layer F.SilkS) (width 0.12))
    (fp_line (start -0.22 -0.51) (end 0.22 -0.51) (layer F.SilkS) (width 0.12))
    (fp_line (start 0.8 0.4) (end -0.8 0.4) (layer F.Fab) (width 0.1))
    (fp_line (start 0.8 -0.4) (end 0.8 0.4) (layer F.Fab) (width 0.1))
    (fp_line (start -0.8 -0.4) (end 0.8 -0.4) (layer F.Fab) (width 0.1))
    (fp_line (start -0.8 0.4) (end -0.8 -0.4) (layer F.Fab) (width 0.1))
    (pad 2 smd rect (at 0.875 0 90) (size 0.67 1) (layers F.Cu F.Paste F.Mask)
      (net 4 GND))
    (pad 1 smd rect (at -0.875 0 90) (size 0.67 1) (layers F.Cu F.Paste F.Mask)
      (net 8 "Net-(C6-Pad1)"))
    (model ${KISYS3DMOD}/Capacitor_SMD.3dshapes/C_0603_1608Metric.wrl
      (at (xyz 0 0 0))
      (scale (xyz 1 1 1))
      (rotate (xyz 0 0 0))
    )
  )

  (module Capacitor_SMD:C_0603_1608Metric (layer F.Cu) (tedit 59FE48B8) (tstamp 5A9840E1)
    (at 24.638 19.812 90)
    (descr "Capacitor SMD 0603 (1608 Metric), square (rectangular) end terminal, IPC_7351 nominal, (Body size source: http://www.tortai-tech.com/upload/download/2011102023233369053.pdf), generated with kicad-footprint-generator")
    (tags capacitor)
    (path /5B08C549)
    (attr smd)
    (fp_text reference C7 (at 0 -1.65 90) (layer F.SilkS)
      (effects (font (size 1 1) (thickness 0.15)))
    )
    (fp_text value 10n (at 0 1.65 90) (layer F.Fab)
      (effects (font (size 1 1) (thickness 0.15)))
    )
    (fp_line (start -0.8 0.4) (end -0.8 -0.4) (layer F.Fab) (width 0.1))
    (fp_line (start -0.8 -0.4) (end 0.8 -0.4) (layer F.Fab) (width 0.1))
    (fp_line (start 0.8 -0.4) (end 0.8 0.4) (layer F.Fab) (width 0.1))
    (fp_line (start 0.8 0.4) (end -0.8 0.4) (layer F.Fab) (width 0.1))
    (fp_line (start -0.22 -0.51) (end 0.22 -0.51) (layer F.SilkS) (width 0.12))
    (fp_line (start -0.22 0.51) (end 0.22 0.51) (layer F.SilkS) (width 0.12))
    (fp_line (start -1.46 0.75) (end -1.46 -0.75) (layer F.CrtYd) (width 0.05))
    (fp_line (start -1.46 -0.75) (end 1.46 -0.75) (layer F.CrtYd) (width 0.05))
    (fp_line (start 1.46 -0.75) (end 1.46 0.75) (layer F.CrtYd) (width 0.05))
    (fp_line (start 1.46 0.75) (end -1.46 0.75) (layer F.CrtYd) (width 0.05))
    (fp_text user %R (at 0 0 90) (layer F.Fab)
      (effects (font (size 0.5 0.5) (thickness 0.08)))
    )
    (pad 1 smd rect (at -0.875 0 90) (size 0.67 1) (layers F.Cu F.Paste F.Mask)
      (net 9 "Net-(C7-Pad1)"))
    (pad 2 smd rect (at 0.875 0 90) (size 0.67 1) (layers F.Cu F.Paste F.Mask)
      (net 4 GND))
    (model ${KISYS3DMOD}/Capacitor_SMD.3dshapes/C_0603_1608Metric.wrl
      (at (xyz 0 0 0))
      (scale (xyz 1 1 1))
      (rotate (xyz 0 0 0))
    )
  )

  (module Capacitor_SMD:C_0603_1608Metric (layer F.Cu) (tedit 59FE48B8) (tstamp 5A984111)
    (at 24.638 23.368 90)
    (descr "Capacitor SMD 0603 (1608 Metric), square (rectangular) end terminal, IPC_7351 nominal, (Body size source: http://www.tortai-tech.com/upload/download/2011102023233369053.pdf), generated with kicad-footprint-generator")
    (tags capacitor)
    (path /5B08C48B)
    (attr smd)
    (fp_text reference C8 (at 0 -1.65 90) (layer F.SilkS)
      (effects (font (size 1 1) (thickness 0.15)))
    )
    (fp_text value 10n (at 0 1.65 90) (layer F.Fab)
      (effects (font (size 1 1) (thickness 0.15)))
    )
    (fp_text user %R (at 0 0 90) (layer F.Fab)
      (effects (font (size 0.5 0.5) (thickness 0.08)))
    )
    (fp_line (start 1.46 0.75) (end -1.46 0.75) (layer F.CrtYd) (width 0.05))
    (fp_line (start 1.46 -0.75) (end 1.46 0.75) (layer F.CrtYd) (width 0.05))
    (fp_line (start -1.46 -0.75) (end 1.46 -0.75) (layer F.CrtYd) (width 0.05))
    (fp_line (start -1.46 0.75) (end -1.46 -0.75) (layer F.CrtYd) (width 0.05))
    (fp_line (start -0.22 0.51) (end 0.22 0.51) (layer F.SilkS) (width 0.12))
    (fp_line (start -0.22 -0.51) (end 0.22 -0.51) (layer F.SilkS) (width 0.12))
    (fp_line (start 0.8 0.4) (end -0.8 0.4) (layer F.Fab) (width 0.1))
    (fp_line (start 0.8 -0.4) (end 0.8 0.4) (layer F.Fab) (width 0.1))
    (fp_line (start -0.8 -0.4) (end 0.8 -0.4) (layer F.Fab) (width 0.1))
    (fp_line (start -0.8 0.4) (end -0.8 -0.4) (layer F.Fab) (width 0.1))
    (pad 2 smd rect (at 0.875 0 90) (size 0.67 1) (layers F.Cu F.Paste F.Mask)
      (net 4 GND))
    (pad 1 smd rect (at -0.875 0 90) (size 0.67 1) (layers F.Cu F.Paste F.Mask)
      (net 10 "Net-(C8-Pad1)"))
    (model ${KISYS3DMOD}/Capacitor_SMD.3dshapes/C_0603_1608Metric.wrl
      (at (xyz 0 0 0))
      (scale (xyz 1 1 1))
      (rotate (xyz 0 0 0))
    )
  )

  (module Capacitor_SMD:C_0603_1608Metric (layer F.Cu) (tedit 59FE48B8) (tstamp 5A984141)
    (at 24.638 27.178 90)
    (descr "Capacitor SMD 0603 (1608 Metric), square (rectangular) end terminal, IPC_7351 nominal, (Body size source: http://www.tortai-tech.com/upload/download/2011102023233369053.pdf), generated with kicad-footprint-generator")
    (tags capacitor)
    (path /5B08C3CD)
    (attr smd)
    (fp_text reference C9 (at 0 -1.65 90) (layer F.SilkS)
      (effects (font (size 1 1) (thickness 0.15)))
    )
    (fp_text value 10n (at 0 1.65 90) (layer F.Fab)
      (effects (font (size 1 1) (thickness 0.15)))
    )
    (fp_line (start -0.8 0.4) (end -0.8 -0.4) (layer F.Fab) (width 0.1))
    (fp_line (start -0.8 -0.4) (end 0.8 -0.4) (layer F.Fab) (width 0.1))
    (fp_line (start 0.8 -0.4) (end 0.8 0.4) (layer F.Fab) (width 0.1))
    (fp_line (start 0.8 0.4) (end -0.8 0.4) (layer F.Fab) (width 0.1))
    (fp_line (start -0.22 -0.51) (end 0.22 -0.51) (layer F.SilkS) (width 0.12))
    (fp_line (start -0.22 0.51) (end 0.22 0.51) (layer F.SilkS) (width 0.12))
    (fp_line (start -1.46 0.75) (end -1.46 -0.75) (layer F.CrtYd) (width 0.05))
    (fp_line (start -1.46 -0.75) (end 1.46 -0.75) (layer F.CrtYd) (width 0.05))
    (fp_line (start 1.46 -0.75) (end 1.46 0.75) (layer F.CrtYd) (width 0.05))
    (fp_line (start 1.46 0.75) (end -1.46 0.75) (layer F.CrtYd) (width 0.05))
    (fp_text user %R (at 0 0 90) (layer F.Fab)
      (effects (font (size 0.5 0.5) (thickness 0.08)))
    )
    (pad 1 smd rect (at -0.875 0 90) (size 0.67 1) (layers F.Cu F.Paste F.Mask)
      (net 27 "Net-(C9-Pad1)"))
    (pad 2 smd rect (at 0.875 0 90) (size 0.67 1) (layers F.Cu F.Paste F.Mask)
      (net 4 GND))
    (model ${KISYS3DMOD}/Capacitor_SMD.3dshapes/C_0603_1608Metric.wrl
      (at (xyz 0 0 0))
      (scale (xyz 1 1 1))
      (rotate (xyz 0 0 0))
    )
  )

  (module Capacitor_SMD:C_0603_1608Metric (layer F.Cu) (tedit 59FE48B8) (tstamp 5A9841D1)
    (at 34.29 25.654 90)
    (descr "Capacitor SMD 0603 (1608 Metric), square (rectangular) end terminal, IPC_7351 nominal, (Body size source: http://www.tortai-tech.com/upload/download/2011102023233369053.pdf), generated with kicad-footprint-generator")
    (tags capacitor)
    (path /5AC11FF9)
    (attr smd)
    (fp_text reference C10 (at 0 -1.65 90) (layer F.SilkS)
      (effects (font (size 1 1) (thickness 0.15)))
    )
    (fp_text value 10n (at 0 1.65 90) (layer F.Fab)
      (effects (font (size 1 1) (thickness 0.15)))
    )
    (fp_text user %R (at 0 0 90) (layer F.Fab)
      (effects (font (size 0.5 0.5) (thickness 0.08)))
    )
    (fp_line (start 1.46 0.75) (end -1.46 0.75) (layer F.CrtYd) (width 0.05))
    (fp_line (start 1.46 -0.75) (end 1.46 0.75) (layer F.CrtYd) (width 0.05))
    (fp_line (start -1.46 -0.75) (end 1.46 -0.75) (layer F.CrtYd) (width 0.05))
    (fp_line (start -1.46 0.75) (end -1.46 -0.75) (layer F.CrtYd) (width 0.05))
    (fp_line (start -0.22 0.51) (end 0.22 0.51) (layer F.SilkS) (width 0.12))
    (fp_line (start -0.22 -0.51) (end 0.22 -0.51) (layer F.SilkS) (width 0.12))
    (fp_line (start 0.8 0.4) (end -0.8 0.4) (layer F.Fab) (width 0.1))
    (fp_line (start 0.8 -0.4) (end 0.8 0.4) (layer F.Fab) (width 0.1))
    (fp_line (start -0.8 -0.4) (end 0.8 -0.4) (layer F.Fab) (width 0.1))
    (fp_line (start -0.8 0.4) (end -0.8 -0.4) (layer F.Fab) (width 0.1))
    (pad 2 smd rect (at 0.875 0 90) (size 0.67 1) (layers F.Cu F.Paste F.Mask)
      (net 4 GND))
    (pad 1 smd rect (at -0.875 0 90) (size 0.67 1) (layers F.Cu F.Paste F.Mask)
      (net 28 "Net-(C10-Pad1)"))
    (model ${KISYS3DMOD}/Capacitor_SMD.3dshapes/C_0603_1608Metric.wrl
      (at (xyz 0 0 0))
      (scale (xyz 1 1 1))
      (rotate (xyz 0 0 0))
    )
  )

  (module Connector_PinSocket_2.54mm:PinSocket_2x20_P2.54mm_Vertical (layer F.Cu) (tedit 5A19A433) (tstamp 5A8D156A)
    (at 8.37 2.278 90)
    (descr "Through hole straight socket strip, 2x20, 2.54mm pitch, double cols (from Kicad 4.0.7), script generated")
    (tags "Through hole socket strip THT 2x20 2.54mm double row")
    (path /5A6C945F)
    (fp_text reference J1 (at -1.27 -2.77 90) (layer F.SilkS)
      (effects (font (size 1 1) (thickness 0.15)))
    )
    (fp_text value RaspberryPi (at -1.27 51.03 90) (layer F.Fab)
      (effects (font (size 1 1) (thickness 0.15)))
    )
    (fp_line (start -3.81 -1.27) (end 0.27 -1.27) (layer F.Fab) (width 0.1))
    (fp_line (start 0.27 -1.27) (end 1.27 -0.27) (layer F.Fab) (width 0.1))
    (fp_line (start 1.27 -0.27) (end 1.27 49.53) (layer F.Fab) (width 0.1))
    (fp_line (start 1.27 49.53) (end -3.81 49.53) (layer F.Fab) (width 0.1))
    (fp_line (start -3.81 49.53) (end -3.81 -1.27) (layer F.Fab) (width 0.1))
    (fp_line (start -3.87 -1.33) (end -1.27 -1.33) (layer F.SilkS) (width 0.12))
    (fp_line (start -3.87 -1.33) (end -3.87 49.59) (layer F.SilkS) (width 0.12))
    (fp_line (start -3.87 49.59) (end 1.33 49.59) (layer F.SilkS) (width 0.12))
    (fp_line (start 1.33 1.27) (end 1.33 49.59) (layer F.SilkS) (width 0.12))
    (fp_line (start -1.27 1.27) (end 1.33 1.27) (layer F.SilkS) (width 0.12))
    (fp_line (start -1.27 -1.33) (end -1.27 1.27) (layer F.SilkS) (width 0.12))
    (fp_line (start 1.33 -1.33) (end 1.33 0) (layer F.SilkS) (width 0.12))
    (fp_line (start 0 -1.33) (end 1.33 -1.33) (layer F.SilkS) (width 0.12))
    (fp_line (start -4.34 -1.8) (end 1.76 -1.8) (layer F.CrtYd) (width 0.05))
    (fp_line (start 1.76 -1.8) (end 1.76 50) (layer F.CrtYd) (width 0.05))
    (fp_line (start 1.76 50) (end -4.34 50) (layer F.CrtYd) (width 0.05))
    (fp_line (start -4.34 50) (end -4.34 -1.8) (layer F.CrtYd) (width 0.05))
    (fp_text user %R (at -1.27 24.13 180) (layer F.Fab)
      (effects (font (size 1 1) (thickness 0.15)))
    )
    (pad 1 thru_hole rect (at 0 0 90) (size 1.7 1.7) (drill 1) (layers *.Cu *.Mask)
      (net 1 +3V3))
    (pad 2 thru_hole oval (at -2.54 0 90) (size 1.7 1.7) (drill 1) (layers *.Cu *.Mask)
      (net 2 +5V))
    (pad 3 thru_hole oval (at 0 2.54 90) (size 1.7 1.7) (drill 1) (layers *.Cu *.Mask))
    (pad 4 thru_hole oval (at -2.54 2.54 90) (size 1.7 1.7) (drill 1) (layers *.Cu *.Mask)
      (net 2 +5V))
    (pad 5 thru_hole oval (at 0 5.08 90) (size 1.7 1.7) (drill 1) (layers *.Cu *.Mask))
    (pad 6 thru_hole oval (at -2.54 5.08 90) (size 1.7 1.7) (drill 1) (layers *.Cu *.Mask)
      (net 4 GND))
    (pad 7 thru_hole oval (at 0 7.62 90) (size 1.7 1.7) (drill 1) (layers *.Cu *.Mask))
    (pad 8 thru_hole oval (at -2.54 7.62 90) (size 1.7 1.7) (drill 1) (layers *.Cu *.Mask))
    (pad 9 thru_hole oval (at 0 10.16 90) (size 1.7 1.7) (drill 1) (layers *.Cu *.Mask)
      (net 4 GND))
    (pad 10 thru_hole oval (at -2.54 10.16 90) (size 1.7 1.7) (drill 1) (layers *.Cu *.Mask))
    (pad 11 thru_hole oval (at 0 12.7 90) (size 1.7 1.7) (drill 1) (layers *.Cu *.Mask))
    (pad 12 thru_hole oval (at -2.54 12.7 90) (size 1.7 1.7) (drill 1) (layers *.Cu *.Mask))
    (pad 13 thru_hole oval (at 0 15.24 90) (size 1.7 1.7) (drill 1) (layers *.Cu *.Mask))
    (pad 14 thru_hole oval (at -2.54 15.24 90) (size 1.7 1.7) (drill 1) (layers *.Cu *.Mask)
      (net 4 GND))
    (pad 15 thru_hole oval (at 0 17.78 90) (size 1.7 1.7) (drill 1) (layers *.Cu *.Mask))
    (pad 16 thru_hole oval (at -2.54 17.78 90) (size 1.7 1.7) (drill 1) (layers *.Cu *.Mask))
    (pad 17 thru_hole oval (at 0 20.32 90) (size 1.7 1.7) (drill 1) (layers *.Cu *.Mask)
      (net 1 +3V3))
    (pad 18 thru_hole oval (at -2.54 20.32 90) (size 1.7 1.7) (drill 1) (layers *.Cu *.Mask))
    (pad 19 thru_hole oval (at 0 22.86 90) (size 1.7 1.7) (drill 1) (layers *.Cu *.Mask)
      (net 37 "Net-(J1-Pad19)"))
    (pad 20 thru_hole oval (at -2.54 22.86 90) (size 1.7 1.7) (drill 1) (layers *.Cu *.Mask)
      (net 4 GND))
    (pad 21 thru_hole oval (at 0 25.4 90) (size 1.7 1.7) (drill 1) (layers *.Cu *.Mask)
      (net 38 "Net-(J1-Pad21)"))
    (pad 22 thru_hole oval (at -2.54 25.4 90) (size 1.7 1.7) (drill 1) (layers *.Cu *.Mask))
    (pad 23 thru_hole oval (at 0 27.94 90) (size 1.7 1.7) (drill 1) (layers *.Cu *.Mask)
      (net 39 "Net-(J1-Pad23)"))
    (pad 24 thru_hole oval (at -2.54 27.94 90) (size 1.7 1.7) (drill 1) (layers *.Cu *.Mask)
      (net 40 "Net-(J1-Pad24)"))
    (pad 25 thru_hole oval (at 0 30.48 90) (size 1.7 1.7) (drill 1) (layers *.Cu *.Mask)
      (net 4 GND))
    (pad 26 thru_hole oval (at -2.54 30.48 90) (size 1.7 1.7) (drill 1) (layers *.Cu *.Mask))
    (pad 27 thru_hole oval (at 0 33.02 90) (size 1.7 1.7) (drill 1) (layers *.Cu *.Mask))
    (pad 28 thru_hole oval (at -2.54 33.02 90) (size 1.7 1.7) (drill 1) (layers *.Cu *.Mask))
    (pad 29 thru_hole oval (at 0 35.56 90) (size 1.7 1.7) (drill 1) (layers *.Cu *.Mask))
    (pad 30 thru_hole oval (at -2.54 35.56 90) (size 1.7 1.7) (drill 1) (layers *.Cu *.Mask)
      (net 4 GND))
    (pad 31 thru_hole oval (at 0 38.1 90) (size 1.7 1.7) (drill 1) (layers *.Cu *.Mask))
    (pad 32 thru_hole oval (at -2.54 38.1 90) (size 1.7 1.7) (drill 1) (layers *.Cu *.Mask)
      (net 41 "Net-(J1-Pad32)"))
    (pad 33 thru_hole oval (at 0 40.64 90) (size 1.7 1.7) (drill 1) (layers *.Cu *.Mask)
      (net 42 "Net-(J1-Pad33)"))
    (pad 34 thru_hole oval (at -2.54 40.64 90) (size 1.7 1.7) (drill 1) (layers *.Cu *.Mask)
      (net 4 GND))
    (pad 35 thru_hole oval (at 0 43.18 90) (size 1.7 1.7) (drill 1) (layers *.Cu *.Mask)
      (net 43 "Net-(J1-Pad35)"))
    (pad 36 thru_hole oval (at -2.54 43.18 90) (size 1.7 1.7) (drill 1) (layers *.Cu *.Mask)
      (net 44 "Net-(J1-Pad36)"))
    (pad 37 thru_hole oval (at 0 45.72 90) (size 1.7 1.7) (drill 1) (layers *.Cu *.Mask)
      (net 45 "Net-(J1-Pad37)"))
    (pad 38 thru_hole oval (at -2.54 45.72 90) (size 1.7 1.7) (drill 1) (layers *.Cu *.Mask))
    (pad 39 thru_hole oval (at 0 48.26 90) (size 1.7 1.7) (drill 1) (layers *.Cu *.Mask)
      (net 4 GND))
    (pad 40 thru_hole oval (at -2.54 48.26 90) (size 1.7 1.7) (drill 1) (layers *.Cu *.Mask)
      (net 46 "Net-(J1-Pad40)"))
    (model ${KISYS3DMOD}/Connector_PinSocket_2.54mm.3dshapes/PinSocket_2x20_P2.54mm_Vertical.wrl
      (at (xyz 0 0 0))
      (scale (xyz 1 1 1))
      (rotate (xyz 0 0 0))
    )
  )

  (module Connector_Molex:Molex_KK-254_AE-6410-02A_1x02_P2.54mm_Vertical (layer F.Cu) (tedit 5A15A247) (tstamp 5A8D158E)
    (at 60.452 20.574 270)
    (descr "Molex KK-254 Interconnect System, old/engineering part number: AE-6410-02A example for new part number: 22-27-2021, 2 Pins (http://www.molex.com/pdm_docs/sd/022272021_sd.pdf), generated with kicad-footprint-generator")
    (tags "connector Molex KK-254 side entry")
    (path /5B039BEF)
    (fp_text reference J2 (at 1.27 -4.12 270) (layer F.SilkS)
      (effects (font (size 1 1) (thickness 0.15)))
    )
    (fp_text value Conn_01x02 (at 1.27 4.08 270) (layer F.Fab)
      (effects (font (size 1 1) (thickness 0.15)))
    )
    (fp_text user %R (at 1.27 -2.22 270) (layer F.Fab)
      (effects (font (size 1 1) (thickness 0.15)))
    )
    (fp_line (start 4.31 -3.42) (end -1.77 -3.42) (layer F.CrtYd) (width 0.05))
    (fp_line (start 4.31 3.38) (end 4.31 -3.42) (layer F.CrtYd) (width 0.05))
    (fp_line (start -1.77 3.38) (end 4.31 3.38) (layer F.CrtYd) (width 0.05))
    (fp_line (start -1.77 -3.42) (end -1.77 3.38) (layer F.CrtYd) (width 0.05))
    (fp_line (start 3.34 -2.43) (end 3.34 -3.03) (layer F.SilkS) (width 0.12))
    (fp_line (start 1.74 -2.43) (end 3.34 -2.43) (layer F.SilkS) (width 0.12))
    (fp_line (start 1.74 -3.03) (end 1.74 -2.43) (layer F.SilkS) (width 0.12))
    (fp_line (start 0.8 -2.43) (end 0.8 -3.03) (layer F.SilkS) (width 0.12))
    (fp_line (start -0.8 -2.43) (end 0.8 -2.43) (layer F.SilkS) (width 0.12))
    (fp_line (start -0.8 -3.03) (end -0.8 -2.43) (layer F.SilkS) (width 0.12))
    (fp_line (start 2.29 2.99) (end 2.29 1.99) (layer F.SilkS) (width 0.12))
    (fp_line (start 0.25 2.99) (end 0.25 1.99) (layer F.SilkS) (width 0.12))
    (fp_line (start 2.29 1.46) (end 2.54 1.99) (layer F.SilkS) (width 0.12))
    (fp_line (start 0.25 1.46) (end 2.29 1.46) (layer F.SilkS) (width 0.12))
    (fp_line (start 0 1.99) (end 0.25 1.46) (layer F.SilkS) (width 0.12))
    (fp_line (start 2.54 1.99) (end 2.54 2.99) (layer F.SilkS) (width 0.12))
    (fp_line (start 0 1.99) (end 2.54 1.99) (layer F.SilkS) (width 0.12))
    (fp_line (start 0 2.99) (end 0 1.99) (layer F.SilkS) (width 0.12))
    (fp_line (start -0.562893 0) (end -1.27 0.5) (layer F.Fab) (width 0.1))
    (fp_line (start -1.27 -0.5) (end -0.562893 0) (layer F.Fab) (width 0.1))
    (fp_line (start -1.67 -2) (end -1.67 2) (layer F.SilkS) (width 0.12))
    (fp_line (start 3.92 -3.03) (end -1.38 -3.03) (layer F.SilkS) (width 0.12))
    (fp_line (start 3.92 2.99) (end 3.92 -3.03) (layer F.SilkS) (width 0.12))
    (fp_line (start -1.38 2.99) (end 3.92 2.99) (layer F.SilkS) (width 0.12))
    (fp_line (start -1.38 -3.03) (end -1.38 2.99) (layer F.SilkS) (width 0.12))
    (fp_line (start 3.81 -2.92) (end -1.27 -2.92) (layer F.Fab) (width 0.1))
    (fp_line (start 3.81 2.88) (end 3.81 -2.92) (layer F.Fab) (width 0.1))
    (fp_line (start -1.27 2.88) (end 3.81 2.88) (layer F.Fab) (width 0.1))
    (fp_line (start -1.27 -2.92) (end -1.27 2.88) (layer F.Fab) (width 0.1))
    (pad 2 thru_hole oval (at 2.54 0 270) (size 1.74 2.2) (drill 1.2) (layers *.Cu *.Mask)
      (net 4 GND))
    (pad 1 thru_hole rect (at 0 0 270) (size 1.74 2.2) (drill 1.2) (layers *.Cu *.Mask)
      (net 3 +BATT))
    (model ${KISYS3DMOD}/Connector_Molex.3dshapes/Molex_KK-254_AE-6410-02A_1x02_P2.54mm_Vertical.wrl
      (at (xyz 0 0 0))
      (scale (xyz 1 1 1))
      (rotate (xyz 0 0 0))
    )
  )

  (module Connector_Molex:Molex_KK-254_AE-6410-02A_1x02_P2.54mm_Vertical (layer F.Cu) (tedit 5A15A247) (tstamp 5A8D15B2)
    (at 60.452 14.478 270)
    (descr "Molex KK-254 Interconnect System, old/engineering part number: AE-6410-02A example for new part number: 22-27-2021, 2 Pins (http://www.molex.com/pdm_docs/sd/022272021_sd.pdf), generated with kicad-footprint-generator")
    (tags "connector Molex KK-254 side entry")
    (path /5A6F6FF3)
    (fp_text reference J3 (at 1.27 -4.12 270) (layer F.SilkS)
      (effects (font (size 1 1) (thickness 0.15)))
    )
    (fp_text value Conn_01x02 (at 1.27 4.08 270) (layer F.Fab)
      (effects (font (size 1 1) (thickness 0.15)))
    )
    (fp_line (start -1.27 -2.92) (end -1.27 2.88) (layer F.Fab) (width 0.1))
    (fp_line (start -1.27 2.88) (end 3.81 2.88) (layer F.Fab) (width 0.1))
    (fp_line (start 3.81 2.88) (end 3.81 -2.92) (layer F.Fab) (width 0.1))
    (fp_line (start 3.81 -2.92) (end -1.27 -2.92) (layer F.Fab) (width 0.1))
    (fp_line (start -1.38 -3.03) (end -1.38 2.99) (layer F.SilkS) (width 0.12))
    (fp_line (start -1.38 2.99) (end 3.92 2.99) (layer F.SilkS) (width 0.12))
    (fp_line (start 3.92 2.99) (end 3.92 -3.03) (layer F.SilkS) (width 0.12))
    (fp_line (start 3.92 -3.03) (end -1.38 -3.03) (layer F.SilkS) (width 0.12))
    (fp_line (start -1.67 -2) (end -1.67 2) (layer F.SilkS) (width 0.12))
    (fp_line (start -1.27 -0.5) (end -0.562893 0) (layer F.Fab) (width 0.1))
    (fp_line (start -0.562893 0) (end -1.27 0.5) (layer F.Fab) (width 0.1))
    (fp_line (start 0 2.99) (end 0 1.99) (layer F.SilkS) (width 0.12))
    (fp_line (start 0 1.99) (end 2.54 1.99) (layer F.SilkS) (width 0.12))
    (fp_line (start 2.54 1.99) (end 2.54 2.99) (layer F.SilkS) (width 0.12))
    (fp_line (start 0 1.99) (end 0.25 1.46) (layer F.SilkS) (width 0.12))
    (fp_line (start 0.25 1.46) (end 2.29 1.46) (layer F.SilkS) (width 0.12))
    (fp_line (start 2.29 1.46) (end 2.54 1.99) (layer F.SilkS) (width 0.12))
    (fp_line (start 0.25 2.99) (end 0.25 1.99) (layer F.SilkS) (width 0.12))
    (fp_line (start 2.29 2.99) (end 2.29 1.99) (layer F.SilkS) (width 0.12))
    (fp_line (start -0.8 -3.03) (end -0.8 -2.43) (layer F.SilkS) (width 0.12))
    (fp_line (start -0.8 -2.43) (end 0.8 -2.43) (layer F.SilkS) (width 0.12))
    (fp_line (start 0.8 -2.43) (end 0.8 -3.03) (layer F.SilkS) (width 0.12))
    (fp_line (start 1.74 -3.03) (end 1.74 -2.43) (layer F.SilkS) (width 0.12))
    (fp_line (start 1.74 -2.43) (end 3.34 -2.43) (layer F.SilkS) (width 0.12))
    (fp_line (start 3.34 -2.43) (end 3.34 -3.03) (layer F.SilkS) (width 0.12))
    (fp_line (start -1.77 -3.42) (end -1.77 3.38) (layer F.CrtYd) (width 0.05))
    (fp_line (start -1.77 3.38) (end 4.31 3.38) (layer F.CrtYd) (width 0.05))
    (fp_line (start 4.31 3.38) (end 4.31 -3.42) (layer F.CrtYd) (width 0.05))
    (fp_line (start 4.31 -3.42) (end -1.77 -3.42) (layer F.CrtYd) (width 0.05))
    (fp_text user %R (at 1.27 -2.22 270) (layer F.Fab)
      (effects (font (size 1 1) (thickness 0.15)))
    )
    (pad 1 thru_hole rect (at 0 0 270) (size 1.74 2.2) (drill 1.2) (layers *.Cu *.Mask)
